SuperGlider,1,1,1,1,1,1,1,0,2,1,0,1,1,1
CloudGlider,0,2,1,1,2,0,1,1,1,1,0,1,2,0
WarioWing,2,1,2,0,1,1,0,1,2,1,1,0,1,1
WaddleWing,1,1,1,1,1,1,1,0,2,1,0,1,1,1
PeachParasol,1,2,2,0,2,0,0,1,1,1,1,0,2,0
Parachute,0,2,1,1,2,0,1,1,1,1,0,1,2,0
Parafoil,1,2,2,0,2,0,0,1,1,1,1,0,2,0
FlowerGlider,0,2,1,1,2,0,1,1,1,1,0,1,2,0
BowserKite,1,2,2,0,2,0,0,1,1,1,1,0,2,0
PlaneGlider,2,1,2,0,1,1,0,1,2,1,1,0,1,1
MKTVParafoil,1,2,2,0,2,0,0,1,1,1,1,0,2,0
GoldGlider,2,1,2,0,1,1,0,1,2,1,1,0,1,1
HylianKite,1,1,1,1,1,1,1,0,2,1,0,1,1,1
PaperGlider,0,2,1,1,2,0,1,1,1,1,0,1,2,0
ParaGlider,2,1,2,0,1,1,0,1,2,1,1,0,1,1