Standard,2,4,2,5,4,2,3,2,3,3,3,3,3,4
Monster,4,2,3,7,3,3,2,2,1,0,1,0,1,6
Roller,0,6,0,4,6,0,3,0,3,4,4,4,4,0
Slim,2,2,4,1,3,3,2,4,2,4,4,3,4,5
Slick,3,1,4,0,2,4,0,4,0,2,0,2,1,5
Metal,4,0,1,2,2,4,3,1,2,2,2,1,0,6
Button,0,5,1,3,5,1,2,2,2,3,3,4,2,3
OffRoad,3,3,3,6,3,3,4,2,1,1,1,2,2,6
Sponge,1,4,2,6,5,1,1,1,4,2,1,2,3,4
Wood,2,2,4,1,3,3,2,4,2,4,4,3,4,5
Cushion,1,4,2,6,5,1,1,1,4,2,1,2,3,6
BlueStandard,2,4,2,5,4,2,3,2,3,3,3,3,3,4
HotMonster,4,2,3,7,3,3,2,2,1,0,1,0,1,6
AzureRoller,0,6,0,4,6,0,3,0,3,4,4,4,4,0
CrimsonSlim,2,2,4,1,3,3,2,4,2,4,4,3,4,5
CyberSlick,3,1,4,0,2,4,0,4,0,2,0,2,1,5
RetroOffRoad,3,3,3,6,3,3,4,2,1,1,1,2,2,6
GoldTires,4,0,1,2,2,4,3,1,2,2,2,1,0,5
GLATires,2,4,2,5,4,2,3,2,3,3,3,3,3,5
TriforceTires,3,3,3,6,3,3,4,2,1,1,1,2,2,5
LeafTires,0,5,1,3,5,1,2,2,2,3,3,4,2,3
AncientTires,4,2,3,7,3,3,2,2,1,0,1,0,1,5