StandardKart,2,4,3,3,5,3,3,3,3,3,2,3,3,3
PipeFrame,1,6,3,4,6,2,3,1,1,5,4,4,2,3
Mach8,3,3,2,4,5,3,3,5,4,2,2,4,2,3
SteelDriver,4,1,1,3,3,4,5,2,0,1,5,1,1,6
CatCruiser,2,5,4,3,6,2,2,3,4,4,2,3,4,3
CircuitSpecial,3,1,3,1,3,5,1,4,2,1,1,2,0,6
TriSpeeder,4,1,1,3,3,4,5,2,0,1,5,1,1,6
BadWagon,4,0,2,5,3,5,2,3,1,0,1,1,0,7
Prancer,1,2,1,2,4,4,3,3,3,3,3,2,3,5
BiddyBuggy,0,7,1,4,7,0,1,2,1,5,4,5,4,0
Landship,0,6,0,6,6,2,5,0,2,4,5,2,3,2
Sneaker,2,2,1,0,4,4,2,3,3,3,2,3,2,5
SportsCoupe,3,3,2,4,5,3,3,5,4,2,2,4,2,3
GoldStandard,2,2,1,0,4,4,2,3,3,3,2,3,2,4
StandardATV,4,0,2,5,3,5,2,3,1,0,1,1,0,6
WildWiggler,1,5,3,5,5,2,2,4,3,4,3,4,3,4
TeddyBuggy,2,5,4,3,6,2,2,3,4,4,2,3,4,1
GLA,4,0,2,5,3,5,2,3,1,0,1,1,0,7
W25SilverArrow,1,5,3,5,5,2,2,4,3,4,3,4,3,4
300SLRoadster,2,4,3,3,5,3,3,3,3,3,2,3,3,4
BlueFalcon,0,3,1,3,4,4,2,4,3,2,3,5,1,4
TanookiKart,3,2,4,7,5,3,4,3,3,4,4,3,3,4
BDasher,3,1,3,1,3,5,1,4,2,1,1,2,0,6
Streetle,0,6,0,6,6,2,5,0,2,4,5,2,3,3
PWing,3,1,3,1,3,5,1,4,2,1,1,2,0,6
KoopaClown,3,2,4,7,5,3,4,3,3,4,4,3,3,3
SplatBuggy,0,3,1,3,4,4,2,4,3,2,3,5,1,3
InkStriker,3,3,2,4,5,3,3,5,4,2,2,4,2,1
MrScooty,0,7,1,4,7,0,1,2,1,5,4,5,4,0
StandardBike,1,5,3,5,5,2,2,4,3,4,3,4,3,4
TheDuke,2,4,3,3,5,3,3,3,3,3,2,3,3,3
FlameRider,1,5,3,5,5,2,2,4,3,4,3,4,3,4
Varmint,1,6,3,4,6,2,3,1,1,5,4,4,2,2
CityTripper,1,6,3,4,6,2,3,1,1,5,4,4,2,2
BoneRattler,4,1,1,3,3,4,5,2,0,1,5,1,1,5
MasterCycleZero,3,2,4,7,5,3,4,3,3,4,4,3,3,3
Comet,2,5,4,3,6,2,2,3,4,4,2,3,4,2
SportBike,1,2,1,2,4,4,3,3,3,3,3,2,3,3
JetBike,1,2,1,2,4,4,3,3,3,3,3,2,3,3
YoshiBike,2,5,4,3,6,2,2,3,4,4,2,3,4,2
MasterCycle,2,2,1,0,4,4,2,3,3,3,2,3,2,3